dsa=[
3.14159265E+000, 2.81516957E+000, -8.08327496E-001
3.17069905E+000, 2.80766320E+000, -8.13355446E-001
3.20007512E+000, 2.80015993E+000, -8.18355680E-001
3.22972334E+000, 2.79265952E+000, -8.23328257E-001
3.25964626E+000, 2.78516269E+000, -8.28273296E-001
3.28984641E+000, 2.77766895E+000, -8.33190799E-001
3.32032635E+000, 2.77017832E+000, -8.38080883E-001
3.35108869E+000, 2.76269126E+000, -8.42943549E-001
3.38213604E+000, 2.75520778E+000, -8.47778916E-001
3.41347104E+000, 2.74772763E+000, -8.52587044E-001
3.44509635E+000, 2.74025083E+000, -8.57367933E-001
3.47701467E+000, 2.73277783E+000, -8.62121701E-001
3.50922870E+000, 2.72530866E+000, -8.66848350E-001
3.54174119E+000, 2.71784306E+000, -8.71548057E-001
3.57455491E+000, 2.71038103E+000, -8.76220763E-001
3.60767264E+000, 2.70292306E+000, -8.80866587E-001
3.64109720E+000, 2.69546890E+000, -8.85485590E-001
3.67483143E+000, 2.68801880E+000, -8.90077889E-001
3.70887821E+000, 2.68057275E+000, -8.94643426E-001
3.74324042E+000, 2.67313051E+000, -8.99182320E-001
3.77792100E+000, 2.66569257E+000, -9.03694689E-001
3.81292289E+000, 2.65825868E+000, -9.08180535E-001
3.84824906E+000, 2.65082908E+000, -9.12639916E-001
3.88390253E+000, 2.64340353E+000, -9.17072892E-001
3.91988632E+000, 2.63598251E+000, -9.21479583E-001
3.95620349E+000, 2.62856579E+000, -9.25859988E-001
3.99285714E+000, 2.62115359E+000, -9.30214226E-001
4.02985038E+000, 2.61374593E+000, -9.34542298E-001
4.06718636E+000, 2.60634255E+000, -9.38844323E-001
4.10486825E+000, 2.59868383E+000, -9.42330241E-001
4.14289925E+000, 2.59069037E+000, -9.44740951E-001
4.18128261E+000, 2.58271170E+000, -9.47131336E-001
4.22002158E+000, 2.57474804E+000, -9.49501574E-001
4.25911947E+000, 2.56679940E+000, -9.51851666E-001
4.29857959E+000, 2.55886579E+000, -9.54181671E-001
4.33840530E+000, 2.55094719E+000, -9.56491768E-001
4.37859999E+000, 2.54304361E+000, -9.58781958E-001
4.41916708E+000, 2.53515506E+000, -9.61052299E-001
4.46011002E+000, 2.52728152E+000, -9.63302970E-001
4.50143229E+000, 2.51942277E+000, -9.65533912E-001
4.54313740E+000, 2.51157928E+000, -9.67745304E-001
4.58522891E+000, 2.50375056E+000, -9.69937146E-001
4.62771039E+000, 2.49593711E+000, -9.72109556E-001
4.67058545E+000, 2.48813844E+000, -9.74262595E-001
4.71385774E+000, 2.48035479E+000, -9.76396322E-001
4.75753094E+000, 2.47258615E+000, -9.78510857E-001
4.80160877E+000, 2.46483254E+000, -9.80606258E-001
4.84609498E+000, 2.45709395E+000, -9.82682586E-001
4.89099334E+000, 2.44937038E+000, -9.84739840E-001
4.93630768E+000, 2.44166160E+000, -9.86778259E-001
4.98204185E+000, 2.43396807E+000, -9.88797784E-001
5.02819974E+000, 2.42628932E+000, -9.90798533E-001
5.07478528E+000, 2.41862559E+000, -9.92780566E-001
5.12180243E+000, 2.41097689E+000, -9.94743943E-001
5.16925518E+000, 2.40334320E+000, -9.96688783E-001
5.21714757E+000, 2.39572430E+000, -9.98615146E-001
5.26548369E+000, 2.38812041E+000, -1.00052309E+000
5.31426762E+000, 2.38053155E+000, -1.00241256E+000
5.36350354E+000, 2.37051654E+000, -1.00380683E+000
5.41319562E+000, 2.36012697E+000, -1.00509632E+000
5.46334808E+000, 2.34977150E+000, -1.00636005E+000
5.51396521E+000, 2.33944988E+000, -1.00759828E+000
5.56505129E+000, 2.32916212E+000, -1.00881112E+000
5.61661068E+000, 2.31890798E+000, -1.00999880E+000
5.66864776E+000, 2.30868769E+000, -1.01116145E+000
5.72116695E+000, 2.29850078E+000, -1.01229906E+000
5.77417273E+000, 2.28834772E+000, -1.01341212E+000
5.82766960E+000, 2.27822804E+000, -1.01450050E+000
5.88166211E+000, 2.26814175E+000, -1.01556444E+000
5.93615485E+000, 2.25808883E+000, -1.01660419E+000
5.99115246E+000, 2.24806905E+000, -1.01761973E+000
6.04665961E+000, 2.23808265E+000, -1.01861143E+000
6.10268103E+000, 2.22812939E+000, -1.01957917E+000
6.15922148E+000, 2.21820927E+000, -1.02052331E+000
6.21628577E+000, 2.20832205E+000, -1.02144396E+000
6.27387875E+000, 2.19846773E+000, -1.02234125E+000
6.33200532E+000, 2.18864632E+000, -1.02321529E+000
6.39067043E+000, 2.17885780E+000, -1.02406633E+000
6.44987905E+000, 2.16910195E+000, -1.02489436E+000
6.50963624E+000, 2.15937877E+000, -1.02569973E+000
6.56994707E+000, 2.14968801E+000, -1.02648234E+000
6.63081667E+000, 2.14003015E+000, -1.02724266E+000
6.69225022E+000, 2.13040447E+000, -1.02798045E+000
6.75425295E+000, 2.12081122E+000, -1.02869618E+000
6.81683011E+000, 2.11125040E+000, -1.02938986E+000
6.87998705E+000, 2.10172176E+000, -1.03006160E+000
6.94372913E+000, 2.09248257E+000, -1.03018677E+000
7.00806177E+000, 2.08391857E+000, -1.02898860E+000
7.07299044E+000, 2.07538629E+000, -1.02778471E+000
7.13852066E+000, 2.06688547E+000, -1.02657509E+000
7.20465801E+000, 2.05841589E+000, -1.02535987E+000
7.27140812E+000, 2.04997754E+000, -1.02413905E+000
7.33877665E+000, 2.04157019E+000, -1.02291274E+000
7.40676935E+000, 2.03319407E+000, -1.02168107E+000
7.47539199E+000, 2.02484870E+000, -1.02044404E+000
7.54465040E+000, 2.01653433E+000, -1.01920152E+000
7.61455049E+000, 2.00825047E+000, -1.01795387E+000
7.68509819E+000, 1.99999750E+000, -1.01670086E+000
7.75629950E+000, 1.99177492E+000, -1.01544285E+000
7.82816049E+000, 1.98358262E+000, -1.01417959E+000
7.90068725E+000, 1.97542083E+000, -1.01291132E+000
7.97388597E+000, 1.96728909E+000, -1.01163805E+000
8.04776286E+000, 1.95918763E+000, -1.01035976E+000
8.12232420E+000, 1.95111609E+000, -1.00907660E+000
8.19757635E+000, 1.94307446E+000, -1.00778866E+000
8.27352570E+000, 1.93506265E+000, -1.00649583E+000
8.35017871E+000, 1.92708051E+000, -1.00519824E+000
8.42754190E+000, 1.91912794E+000, -1.00389600E+000
8.50562185E+000, 1.91120505E+000, -1.00258911E+000
8.58442519E+000, 1.90331149E+000, -1.00127769E+000
8.66395864E+000, 1.89544713E+000, -9.99961615E-001
8.74422895E+000, 1.88761210E+000, -9.98641074E-001
8.82524296E+000, 1.87980628E+000, -9.97316062E-001
8.90700755E+000, 1.87202942E+000, -9.95986700E-001
8.98952967E+000, 1.86428142E+000, -9.94652987E-001
9.07281635E+000, 1.85665309E+000, -9.92080271E-001
9.15687467E+000, 1.84909129E+000, -9.89020586E-001
9.24171178E+000, 1.84155989E+000, -9.85969543E-001
9.32733489E+000, 1.83405888E+000, -9.82927203E-001
9.41375129E+000, 1.82658792E+000, -9.79893446E-001
9.50096832E+000, 1.81914699E+000, -9.76868391E-001
9.58899341E+000, 1.81173599E+000, -9.73851860E-001
9.67783403E+000, 1.80435479E+000, -9.70843971E-001
9.76749775E+000, 1.79700327E+000, -9.67844605E-001
9.85799220E+000, 1.78968132E+000, -9.64853764E-001
9.94932506E+000, 1.78238881E+000, -9.61871445E-001
1.00415041E+001, 1.77512550E+000, -9.58897591E-001
1.01345372E+001, 1.76789153E+000, -9.55932260E-001
1.02284322E+001, 1.76068664E+000, -9.52975333E-001
1.03231971E+001, 1.75351071E+000, -9.50026870E-001
1.04188400E+001, 1.74636364E+000, -9.47086871E-001
1.05153691E+001, 1.73924541E+000, -9.44155216E-001
1.06127924E+001, 1.73215568E+000, -9.41231906E-001
1.07111184E+001, 1.72509456E+000, -9.38316941E-001
1.08103553E+001, 1.71806180E+000, -9.35410380E-001
1.09105117E+001, 1.71105731E+000, -9.32512045E-001
1.10115960E+001, 1.70408106E+000, -9.29622054E-001
1.11136168E+001, 1.69713283E+000, -9.26740289E-001
1.12165829E+001, 1.69021261E+000, -9.23866808E-001
1.13205029E+001, 1.68332016E+000, -9.21001554E-001
1.14253857E+001, 1.67645550E+000, -9.18144524E-001
1.15312402E+001, 1.66961849E+000, -9.15295660E-001
1.16380755E+001, 1.66280890E+000, -9.12454963E-001
1.17459006E+001, 1.65629733E+000, -9.09581125E-001
1.18547246E+001, 1.65142870E+000, -9.06469107E-001
1.19645569E+001, 1.64657414E+000, -9.03367579E-001
1.20754068E+001, 1.64173388E+000, -9.00276482E-001
1.21872837E+001, 1.63690770E+000, -8.97195816E-001
1.23001971E+001, 1.63209569E+000, -8.94125581E-001
1.24141566E+001, 1.62729776E+000, -8.91065598E-001
1.25291719E+001, 1.62251377E+000, -8.88015985E-001
1.26452529E+001, 1.61774373E+000, -8.84976625E-001
1.27624093E+001, 1.61298776E+000, -8.81947577E-001
1.28806512E+001, 1.60824549E+000, -8.78928661E-001
1.29999885E+001, 1.60351729E+000, -8.75919938E-001
1.31204315E+001, 1.59880269E+000, -8.72921348E-001
